-2	3	0	1
3	-8	2	0
0	2	5	-1
1	0	-1	-4

A=[-2 3 0 1 ; 3 -8 2 0 ; 0 2 5 -1 ; 1 0 -1 -4]
eig(A)
ans =

  -9.4906
  -4.3861
  -0.5450
   5.4217
  
B = [-9.4906 0 0 0]
C = [0 -9.4906 0 0]
D = [0 0 -0.5450 0]
E = [0 0 0 5.4217]

dot(B, C)
ans = 0
dot(C, D)
ans = 0
dot(D, E)
ans = 0
dot(B, D)
ans = 0
dot(B, E)
ans = 0
dot(C, E)
ans = 0