A=[-2 0 1 0 ; 4 -8 -2 1 ; -1 0 5 2 ; 0 2 1 -4]
eig(A)
ans =

   5.0336
  -8.6165
  -2.0977
  -3.3193
  
B = [5.0336 0 0 0]
C = [0 -8.6165 0 0]
D = [0 0 -2.0977 0]
E = [0 0 0 -3.3193]

dot(B, C)
ans = 0
>> dot(C, D)
ans = 0
>> dot(D, E)
ans = 0
>> dot(B, D)
ans = 0
>> dot(B, E)
ans = 0
>> dot(C, E)
ans = 0