a: 0.005454
b: 0.007336
c: 0.013642
d: 0.007949