a: 0.019711
b: 0.005673