N: 4, M: 3, P: 3

time: 0.000612

is correct? OK

N: 4, M: 3, P: 3

time: 0.000682

is correct? OK