N: 4, M: 3, P: 3

time: 0.000921

is correct? OK

N: 4, M: 3, P: 3

time: 0.000729

is correct? OK
