N: 16, M: 12, P: 12

time: 0.001532

is correct? OK

N: 16, M: 12, P: 12

time: 0.001910

is correct? OK
