N: 16, M: 12, P: 12

time: 0.000772

is correct? OK

N: 16, M: 12, P: 12

time: 0.000716

is correct? OK