N: 10, M: 8, P: 4

time: 0.000774

is correct? OK

N: 10, M: 8, P: 4

time: 0.000780

is correct? OK