N: 10, M: 8, P: 4

time: 0.000736

is correct? OK

N: 10, M: 8, P: 4

time: 0.000634

is correct? OK