del = 0.517505751418220
del = 0.168742268909107
del = 1.716656294610563e-02
del = 2.201680309439347e-04
del = 3.664117442792048e-08
del = 9.992007221626409e-16
x = 0.831376714890888